B = 1
iters =

                   0
  -1.000000000000000
  -0.635824672851256
  -0.652937168844592
  -0.652918640437034
  -0.652918640419205
  -0.652918640419205

B = 5
iters =

  -0.652918640419205
  -0.351881899225435
  -0.416327050137057
  -0.417793953289856
  -0.417795165449977
  -0.417795165450810
  -0.417795165450810

B = 10
iters =

  -0.417795165450810
  -0.318857690464607
  -0.331838099540488
  -0.332039350595253
  -0.332039401127639
  -0.332039401127642
  -0.332039401127642

B = 25
iters =

  -0.332039401127642
  -0.201359204174711
  -0.236071296859584
  -0.239174737126987
  -0.239202429967148
  -0.239202432177527
  -0.239202432177527

B = 50
iters =

  -0.239202432177527
  -0.162372351714407
  -0.182059941016331
  -0.183982260394971
  -0.184000817304390
  -0.184000819027798
  -0.184000819027798
